Age,Tumor Size (cm),Metastasis,Diagnosis Result
40,2,0,0
39,2,0,0
45,4,0,0
26,3,0,0
21,1,0,0
50,5,1,1
58,6,1,1
21,3,0,0
35,4,0,0
42,2,0,0
41,7,1,0
41,10,1,1
50,5,1,1
43,6,0,1
26,3,0,0
30,3,0,0
33,4,0,0
39,1,0,0
38,3,1,1
58,6,1,1
60,10,1,1
47,4,0,0
45,6,1,1
57,8,1,1
34,1,0,0
26,2,0,0
38,2,0,0
31,5,0,1
36,5,0,0
42,3,0,1
56,9,1,1
48,7,1,1
40,2,1,1
35,1,0,0
31,6,1,1
21,2,1,0
61,4,1,1
50,5,0,0
20,3,0,0
45,5,1,1
38,2,0,0
37,8,1,1
47,7,1,1
57,1,0,0
42,4,0,0
27,4,0,0
25,5,0,1
17,1,0,0
23,1,0,0
43,1,0,0
30,3,0,0
41,4,0,0
47,4,1,1
59,3,0,0
67,5,1,1
50,6,1,1
61,4,0,0
46,7,1,1
24,2,0,0
17,4,1,0
49,5,1,1
26,3,0,0
57,4,0,0
41,5,0,1
42,8,0,1
53,2,0,1
40,1,0,0
28,3,0,0
68,7,1,1
42,3,0,0
64,2,0,0
39,2,0,0
31,4,0,0
18,3,0,0
14,1,0,0
18,2,0,0
15,5,0,0
38,5,1,1
43,3,0,0
30,1,0,0
54,6,1,1
45,8,1,1
71,9,1,1
55,1,0,1
33,3,0,0
15,1,0,0
42,2,0,1
24,1,0,0
54,10,1,1
48,4,0,1
50,7,1,1
46,5,1,1
18,1,0,0
42,2,0,1
22,3,0,0
21,3,0,0
65,6,1,1
19,1,0,0
46,7,0,1
49,5,0,1
40,4,0,1
47,8,1,1
50,5,1,1
45,8,1,1
57,9,1,1
27,2,0,0
17,4,0,0
33,6,0,1
21,3,0,0
18,5,0,0
52,3,0,0
45,8,1,1
34,4,0,0
36,2,0,0
23,3,0,0
51,7,1,1
49,14,1,1
57,10,1,1
18,3,0,0
44,4,0,0
46,6,0,0
19,3,0,0
18,2,0,0
23,4,0,0
54,12,1,1
37,3,0,0
50,1,0,0
35,6,1,1
58,10,1,1
33,4,0,0
68,7,1,1
38,7,0,1
42,5,1,1
42,10,1,1
41,8,1,1
30,1,0,0
49,3,0,0
48,4,0,0
34,2,0,0
63,6,1,1
26,5,0,0
14,1,0,0
29,2,0,0
22,1,0,0
37,2,0,0
41,8,1,1
33,4,0,0
38,5,1,1
39,7,1,1
32,5,0,1
57,9,1,1
17,2,0,0
58,6,0,0
35,4,0,0
35,7,1,1
53,5,0,1
51,4,0,0
37,9,1,1
44,6,0,1
45,3,0,0
31,1,0,0
33,4,0,0
38,5,1,1
38,2,0,0
57,4,1,1
62,3,1,1
55,2,0,0
47,10,1,1
20,2,0,0
39,3,0,0
69,4,0,0
13,1,0,0
39,4,0,0
38,1,0,0
14,3,0,0
23,5,0,0
62,2,0,0
49,4,0,0
29,1,0,0
24,1,1,0
67,6,1,1
16,3,0,0
56,4,0,0
20,2,0,0
32,5,0,1
77,8,1,1
36,3,0,1
61,2,0,1
44,9,1,1
59,6,1,1
38,2,0,0
49,4,0,0
35,1,0,0
55,7,1,1
37,3,0,1
25,3,0,0
60,8,1,1
40,2,0,0
40,5,1,1
62,7,1,1
33,2,0,0
38,3,0,0
39,1,0,0
49,5,1,1
16,2,0,0
61,9,1,1
40,5,1,1
49,6,1,1
28,3,0,0
22,1,0,0
19,1,0,0
50,4,0,0
